2 0 0
5 0 0
24 0 0
34 0 0
41 0 0
45 0 0
58 0 0
62 0 0
64 0 0
67 0 0
69 0 0
78 0 0

27 3 60
45 3 60
82 3 1402
16 2 40
5 2 124
74 2 225
65 2 272
36 2 287
93 2 541
94 2 630
51 2 792
79 2 927
7 2 1013
68 1 7
43 1 20
62 1 20
84 1 20
83 1 20
78 1 20
41 1 20
57 1 20
70 1 20
54 1 20
47 1 20
50 1 20
71 1 20
9 1 20
28 1 20
10 1 20
95 1 20
14 1 20
92 1 20
18 1 20
96 1 79
72 1 226
49 1 305
38 1 328
85 1 371
77 1 407
87 1 515
19 1 632
22 1 658
37 1 684
55 1 898
39 1 919
20 1 972
67 0 0
99 0 0
98 0 0
100 0 0
48 0 0
69 0 0
97 0 0
73 0 0
91 0 0
75 0 0
89 0 0
88 0 0
30 0 0
2 0 0
3 0 0
4 0 0
6 0 0
8 0 0
11 0 0
12 0 0
13 0 0
15 0 0
17 0 0
21 0 0
23 0 0
24 0 0
25 0 0
29 0 0
63 0 0
31 0 0
32 0 0
34 0 0
35 0 0
40 0 0
42 0 0
46 0 0
1 0 0
52 0 0
53 0 0
56 0 0
58 0 0
59 0 0
60 0 0

